window_position=299,40
window_scale=5.000000,4.285714
four_thirds=1
