window_position=299,40
window_scale=4.000000,3.428571
four_thirds=true
